 

 

 

7777777777777ω, {xxx 7777172 vs: ἶ 7 7 7 7
‚3323ss 77,7 μή ,77 .... ..7 ,L Lj: . 7 7, 7 77. , , 7,
sszffaewffl ὯἘΞΞΞ- :- ,ἢῆ ..7 ,7 ,7 777-7777777777 7 7 77 77 71, ..u-Q
,777... ,7.,7 Ξ 7 7 , 77 ,7 777. :Z t

ι7

 
   
   
  

,77 77777777 7777777717 77υ77 7,7 .777777777, 7 7 777777 777 ,ΗΞ

‚az—:7:24 ,az—„z- :37 ,7777777777777 777777777 777 77777 7777 <ff—053

<zzz—:2:23 7.. ..7777777777 ..7777777777 77777777 7 7 77 77777777, 77 :Limia

zan-‚2 z.L.v:—....l. 7.. ,17...7.77.77777.71 ,77777777777777 , 7 777,7 7 77 7777777

   
 

77,7,777 7777
Ξ7ΞΞ7777Σ7. 77777777 ,77777777 7,7 ...,7777777777777 7 7 77, 777 7 77, 777 7 777 77 ,

ῥΞΖΞΞΤΣΞὲ ...7,7ϊ7ι7ιῖ, ...7,777 77777777 7,7]7,777 77 7 77 77 7777 777777777 77777 777777
553 ,1777777777777 ,7777777777ιι777 .77777,,,77777 7 7 7 77777777

„rx—32< ψ, :nm 21:141. ..7 ,77-7777777777, 7 7 77777777 7,7777777777 777777777.
775 :zzz-z ἶ ,7ι77777πίὶ7777 7777777ἶ777 177 7 7777777 7 77, 777777 77777777
evm 77777777 ,77777777 777777 ..7777777777 77777.7 7 7 717777

    
   
  

233.— 7,7 7,7-77777771, ...777777777777 7777777 7 ,77 7 ,7,777 77, 77777777777,77

 

,7777777777 ,77577777 :Et-..Ci- ,77777 7,7 77,777 7 77 7 7 7, 777777777,77 77 777.

:23 7717777 ,7-7Ἶ77-777κ77 7777117777 777777 77777777 7., 77 , ,777 ,777777 7777777

  

.„:..:{.-:z..{75:18} 7777777.. 77 7 77 7 ,7 77 7777777»

 

77777777 ,777-7777777777 ,77277777 17777771, ,7

 

ιιΞ 777 77777 ,777 777774. 77777777..,7777,777 7 7 777 77777 7 777 77777777

 

7,7π77Ξπ77 23:71...- 777777 77. ,777,..777777 77 77 7 7 7 7 77 777777

 

ΕΖΔ-ΖΞ a> .7..2--Z-..; 7.. 1777...777 77,7-77 .1 7 77 , 777, 77777777

 

ZZZ-3 7.. 7,777-...77,77 4..77,77-77777 77777 77777 77 77 77777 777, ,77777777

 

,77-7777777777 7777777Ὲ 7777777ι777, 177777 Α 7 7 77 777777

7

     
    
     
     
    
     
    
   
  
      
    
     

,7777715777 ..Utar-t 77. ..77777 7777777. 77 , 7 , 7 77 777777
..777777 77777777 77777777 [7777777777 7, 7 777 ,7 7 7 7 7 7 7777, 77
«,777-7747777 77,7-77.. ...77,77ι77777777 777 7777. 7 7 7 777 7777 777777,
77,7,777 ,[777-77777777 ,777 ,777-7777777777 7,7 ,77 7 7, 77 7 77 7777 777
„Sil-..32- 7777777777 777 7, 7777 77 7 77,777 ,77777 ,77,7
[,777-77777777 ,17777777777777777 ,77777777 7 777, 7 7 77 77 7 777777, 7777777
:3:3- ...77777777 ,77717777777777777 77 7,77, 7. 777 7 7 77 777777777777
7777 777 77777.. ,ι777ι7777777777777 ,1777777771 7 77,7 7777777 77
,77777777ἶ777777 777.. 7,777-77777777. 177777 77 , 7 77 777 77,7 ,777 7777777777ι7777

,,777-77 ,7777777777777777 {rs-n 7,7 777 7,7 , 7 77 777 ,7777777777 ,77,

7
777777777> ...777777 ἶ ,7,777-7777777, 77 7 ,777 ,7 ,7 7 , ,7 77777777
[7777777777777 7777. ,777ι7ΐ7 1777777777 777777
77 77777777 777777 777
7777777777- 77η. ...77777 ...777777 7 77 7 77777777
ἔ77777. ,77777777 ,7777777777 7777,77 7 77 7 , 7 777,
7777μ ,., 7,7 ,777-..7777777777777777 777777 7777 77,7 7 7 7 77 777 ,77 7777777777777»
,777 7.. ..777-77,7,77 ,77-771777.. ,777 77777 77 77 777 777777 ..77777
ἶ ,ΛΞ-7777777777 ..77,7 Η77777777 s 7777 77 ,7, 7,77 777777 777
,πῖ-,77777777 ,7177777777777177771771 ,77777777 7 777 7 ,77777777 77 77777 7..
..7-777777,7.77777777,.,77-,777777177777777ι777 777777 77 7 77 7777 77 77777777
.Ξ77τ,,7,77.,77ἶ 777-77,7,777777ι 77771 777777 77 7 7 7777 777777, 77777 7,777.
,1777777777τῇ :ir-C >.-.,†.:.—;n 7777777 7 77,7 77777 77777777
,,777 7777777777 :1:22- ... 7 w.
wi} ..7777777777 ..,777-7777777 ,7177777777 7
777 7,77-,777777 777-77777777 7,7 77777777777777 ,7
,7777777777 ..77,7-7,7 ,1777777 7777 7777777..
7,,77777777...77[..ε;.7,7 7777777777. ,777777 4777777 777..
aya..— 7777777. ...,Ἳ. ..τηε-77 ,7,777ῐ 77, 7
,7,77 ,77777 777 7,7 777-..777777 7777777777 ι :Z 77

